eval_loss = 0.05396563008869604
global_step = 29820
loss = 0.003693833051591106
